1400
1400
11
11
11
11
11
11
11
11
11
11
11
1499
9
1197
9
9
1197
558
1250
1300
1300
1300
1700
1300
9
11
11
48500
9
11
11
1
9
11
11
11
11
22
9
11
11
1
9
11
11
9000
11
9
11
1
11
11
9
11
11
11
9
11
11
11
9
11
11
11
9
11
11
11
11
9
9
9
9
9
9
9
9
9
1500
1400
9
1500
9
1500
1
1500
830
3
3
3
1400
1
1499
1200
1400
10
10
10
10
10
10
10
10
10
1400
10
1400
9000
9000
1444
465
24500
837
1
1
1
10
10
10
10
283
10
10
508
10
1500
24958
982
2700
300
3297
1700
1
10
9444
1500
9444
654
11
1499
1500
1500
1
1
1
1500
1500
1500
10
10
10
10
10
10
1500
1500
1400
1090
1750
1750
1333
335
11
1
11
11
1
1250
1
1
1
1
1
11
1
1
1
1
1
1
998
998
1
1
1
1
2998
1
1
1250
1
1
1
1
1
1
1
1
1
1
1
1
1250
332
1250
1250
1500
1750
1
1500
75000
1500
373
1599
1599
1
1
1800
1
1500
11
1500
300
393
2700
160
160
160
160
150
150
128
128
128
1500
1
1
1
1500
128
128
1
1
128
1
128
128
125
125
125
125
125
125
125
125
125
125
123
115
115
115
115
9
115
12
350
1
1
1
0
20
0
333
1500
300
2700
8000
1300
1800
1250
1300
1
55
302
1
66
283
2700
300
1250
1400
25
1401
300
4500
300
269
269
269
269
119
2700
1400
1400
1400
1400
9100
600
1500
1500
3199
999
2700
300
50000
29999
300
300
2950
2700
990
1055
350
22
1500
1300
890
295
288
250
283
222
200
150
690
400
2700
4000
9500
1055
9000
1054
999
20
115
115
115
115
115
115
115
115
115
115
115
115
115
115
115
115
115
115
115
9950
20
0
16
6
9750
11000
20
300
2700
1499
1499
9500
500
100
1200
1000
1000
9499
55
5
2
9499
9499
2
2
1050
1050
1500
1050
1050
1050
1050
1050
1050
1050
25400
1050
980
1050
1050
1050
1050
9450
9000
985
985
1400
30
3199
4500
985
2730
2730
882
9450
21984
9445
9440
1050
1050
2
71010
3199
9200
10000
1050
3200
70
250
7300
70
0
70
9450
10
35
35
35
35
35
35
35
35
35
35
35
35
35
35
35
35
35
35
35
35
2100
9800
9999
1300
7500
78999
1300
7500
110
110
3500
999
1400
2300
50124
70
0
70
70
70
70
70
70
70
70
20
2000
70
70
70
70
119
70
70
70
70
70
70
3333
10000
3333
1600
90
90
90
2
70
90
11002
90
90
90
1400
90
90
1300
4500
4500
2000
90
90
90
90
90
1600
200030
325
325
980
4000
2000
1400
1050
1050
1050
1050
1050
1050
10
1050
1050
1050
1050
1050
1050
1050
1050
1050
1050
1050
1050
1050
1050
1050
1050
1050
1050
100000
1050
1050
1050
1050
1050
1050
1050
1050
1050
1050
1050
1050
1050
1050
1050
10
0
3100
283
10
800
800
283
30
1000
1301
999
1301
10
30000
283
9500
9500
3333
283
355
3200
283
1400
283
283
35
35
35
35
35
35
35
35
35
35
35
35
35
35
35
35
35
35
35
35
35
35
35
35
35
35
35
3000
3000
3000
3000
3000
2999
2999
2999
1000
1000
999
999
999
999
5000
283
9399
283
283
1500
1500
200
3333
32
9400
1400
3000
2000
58
11000
4000
4000
322
283
283
1500
2999
350
350
50004
3333
3000
2950
283
5000
65
65
20000
4500
350
119800
350
350
333
333
333
333
333
333
333
333
333
333
333
333
333
333
320
1900
300
3000
9500
18
18
9
1400
1300
1300
3333
20
3333
1500
400
9400
400
8000
310
300
3000
8000
2950
350
158021
1400
4500
1300
1300
288
1300
2777
-
300
55
3333
330
2900
300
9499
3000
2999
2999
2999
2999
2999
2999
2999
2950
2777
288
4500
1500
310
2777
2598
2598
1300
2598
2598
288
259
259
259
259
1300
0
20
10
150
3333
300
3333
3000
34
34
34
30
1400
300
500
3296
3199
2666
288
1400
1400
1400
1400
1400
8000
350
27000
350
31
31
300
2620
283
1300
1300
70
70
9500
310
288
2666
2950
9490
3000
94089
300
19021
320
9599
3386
300
150
3000
7656
3333
9400
50127
9999
9900
-
34
1500
2950
288
1500
15200
2666
300
11000
12000
300
3000
115
115
10
10
10
2700
2666
9499
35
12999
3333
1222
16
35
35
35
3333
2666
-
10900
34
34
34
34
34
34
30
30
20
9450
2999
300
259
2900
2597
2498
2498
2498
59
3000
17
10499
9500
9000
9000
9000
20
310
3000
3333
2999
3333
2900
2899
17100
1700
3000
1211
16
10200
10011
9500
8900
15200
30
11000
1500
1500
1011
50
1222
5
62
62
62
56
9499
2710
999
16
30001
100061
100063
100062
50000
50000
50000
55
220
199
199
200000
11999
100
110
10999
10000
50000
11999
12000
10500
10000
9999
11000
9500
3154
999
15
144021
50
80024
690
280
225
215
215
200031
2
150011
9500
1
11000
11000
2
2
500
300
9800
9250
3
-
3
25000
14000
1444
2601
29000
1400
9450
9450
4500
1500
1500
5
5601
599
599
220
215
200
200
199
199
489
11900
100
60
9999
9999
9998
10000
2250
9989
10000
1400
1400
1400
1400
1400
1400
1500
1500
1500
1500
10000
10000
10000
10000
9500
22695
15
400
22100
9999
70
60
99
60
45
55
40
1500
0
20
1500
1500
55
60
50
35
300
49
50
10
10
400
55
400
60
60
60
60
55
55
50
9599
4000
1300
7
1500
1500
10998
1600
1600
1600
90
1500
20
155
135
21482
-
3
87800
44
29499
9989
9599
9500
35
1
5
110
1300
10
30
30
10
30
30
30
30
9000
9000
1500
1500
1500
1500
19907
15
15
10
10
1500
1500
1500
9599
1500
10
10
2
50
1300
1300
1300
1300
2
16
16
1300
1300
9700
1300
4500
10180
1500
1
7999
40
1500
1500
123
6372
400
70
1500
400
1000
400
400
11469
23290
9799
2666
16844
5000
0
199
8000
2666
19193
4500
9799
9500
9499
9450
79999
350
1400
250
250
7900
-
500
30000
1500
5000
100055
0
1500
10
10
20307
5000
5000
1500
19860
10996
1500
1400
3
135000
1500
20
15
15
55
1400
0
20
17
17
0
20
0
20
2000
350
350
8000
350
3
3
3
1500
1500
1399
1500
1500
50
1
16140
1
16210
215
25
25
25
35
25
1
15290
1
15500
40002
200011
200
28875
27000
129
60
60
89500
85000
555
490
250
27400
60
50
38000
210
200
800
105999
29998
29998
29950
1200
29950
50
190
30000
29999
2500
120000
18
18
27000
27000
130000
20
4
17
400
400
200
191
30900
88000
88799
30000
88500
29500
10
10
10
225
10
75245
100
200
500034
200
100
10
450000
220000
220000
250
250
210
7
31999
7
7
85
50
400
10
400
280001
300
300
300
400
150
150
17
100035
280
280
30000
7
70021
110031
250
127338
29400
50000
100000
80
30000
30000
105000
15
80077
4204
8739
10
500
300
10
69
50
4000
1250
4000
4000
4000
5500
20
5000
6000
25
26
19
19
19
4000
10
10
10
10
1
1
1500
30000
34000
31000
50
28999
26900
6500
31000
50
500
31000
30000
30000
15
30000
888
1
29999
30000
50
50
50
50
100
5
1200
1200
1400
10
30000
100021
100022
100023
500
260
200
1501
280
88000
150000
1500
200
200
200
200
200
199
155
150
30000
70
50
40
6
350
99
99
30000
30000
110
80
5500
6000
30000
29999
29999
110000
100000
100000
29500
29500
90000
89000
110000
110000
1500
80000
150
150
199
84000
82000
50
16
29500
17720
17240
29000
28999
28000
27999
17480
320
300
27000
30000
11
17200
100
100
15420
94999
80
28000
50035
94000
600
95000
1400
1190
200
195
190
60
50000
100
1300
100013
100026
50
29998
28999
60
60
26999
130000
10000
190
150
11990
105
16
20775
28999
28900
60
83000
40
12
12
12
100000
650
600
160
27500
27500
11
10
1500
29000
27000
80000
31000
50000
28000
4500
20
25
28000
27500
40
800
100003
30000
420024
1999
110000
100
29000
50
300
260
114
50
28000
300
290
249
25000
28999
28500
150
29999
27000
29150
80
80
237
300
126
27499
99999
2
2
26250
75000
27000
450000
84000
1000
121
121
50
26800
20
70000
81000
27999
27000
80999
250
81000
27000
27000
27000
500
115
10
26990
25723
80000
110
99000
115
110
100000
50095
26000
26000
115000
130000
110000
18000
104000
98000
108000
500
20
20
26000
26000
26000
26000
399
27000
28000
28000
80000
95000
199
95000
27500
230
35777
200
75000
75800
75000
600
400
299
299
299
75000
109999
110000
95000
75500
76000
67500
1600
441000
26500
120000
100000
100052
100051
99999
400000
78000
99999
120
105000
99999
76800
100000
100000
75500
100000
280
200001
110000
150
18700
1500
500
120